2.79674
1.36679
0.934788
0.355
0.471849
4.31045
0.213169
9.45524
3.41713
2.02471
2.83844
0.39441
2.77889
0.894781
0.677534
0.862862
0.88406
2.97945
1.48954
1.64312
1.39736
0.703894
0.845865
4.06034
3.22941
0.574116
0.821381
2.43577
1.78311
1.18029
0.139866
0.787628
0.645858
1.06817
0.383511
1.64261
0.382844
0.653402
3.03028
4.39226
0.723274
2.27172
6.61035
4.98997
2.49469
0.383453
0.134064
1.01732
0.163044
3.97173
0.641569
1.46282
1.71878
0.829718
0.109539
1.321
2.02246
3.8435
0.0926304
1.47945
0.014049
1.12832
3.832
0.914945
1.48545
0.238906
0.622915
2.69652
0.6699
0.743899
1.41614
1.95588
0.767311
0.786654
2.13564
0.26063
1.53295
0.257869
1.90638
0.504878
0.535432
3.46857
1.50356
1.19934
1.96955
2.73525
0.179829
4.23568
1.42577
0.937104
1.8571
0.633128
1.99793
0.370633
0.99021
2.09695
2.72627
1.38091
6.03688
0.145969
0.510407
2.40953
2.16629
1.2829
3.73295
0.112849
1.70215
2.7479
2.23177
2.44102
0.579204
0.402651
5.29275
3.47896
1.75613
1.79931
0.583267
4.79451
0.541799
0.265248
1.16379
0.812164
2.01383
0.321969
1.62063
0.724155
2.62446
3.55808
0.323214
0.0201956
1.48267
1.01929
2.18455
4.03431
3.52725
1.23177
1.42392
3.44782
0.907522
1.42909
0.288456
0.793135
1.90325
1.49285
5.65599
0.40778
1.13137
0.216122
1.69897
0.387078
7.12819
0.353556
0.779034
2.9493
3.25256
3.78556
4.6523
2.02513
3.51115
3.38514
3.53571
0.152034
0.183059
2.51019
4.43309
1.71566
0.801737
1.44096
0.427023
0.317644
2.24432
0.22403
3.10669
1.49984
15.0892
0.816009
1.93099
2.95963
0.878694
0.93238
4.36435
1.65403
0.937133
2.6076
3.15486
6.27133
2.08319
0.493518
0.405324
0.856175
0.363243
2.05642
4.75466
1.56528
5.54581
1.36078
1.18487
0.166342
0.371737
2.53678
1.87858
3.45945
0.104777
0.15127
0.624522
0.177069
1.97787
0.0670771
3.76001
1.95935
0.467993
0.937619
1.23627
0.0500386
0.120221
4.30284
1.1737
0.30146
2.21584
0.244102
4.00837
3.42339
1.59789
0.6247
0.411073
5.81898
0.961485
4.61613
2.53504
3.39717
2.50986
0.0240095
0.617724
0.835843
1.62029
10.1152
0.327451
4.82342
1.15716
2.38709
0.559043
3.12398
0.762698
2.1813
0.740253
1.06359
6.42482
4.17047
0.426204
