5.71838
2.38391
0.742579
2.02248
0.477446
3.30701
2.63573
1.04195
2.72876
1.30906
4.94391
0.92288
4.81371
3.3774
3.34107
5.63123
6.33968
4.17375
4.95427
5.16226
1.43911
1.4943
0.981424
0.775075
3.29832
12.1667
0.549278
1.09264
3.98278
2.72218
0.802251
1.90962
0.545574
5.57483
1.99855
3.84024
2.07139
0.722582
0.517501
0.231731
5.29673
0.385117
2.60925
1.0692
1.24079
3.47566
6.47409
3.59714
4.63195
12.2532
3.39107
4.18759
2.3257
1.40894
1.22757
1.5856
3.45078
8.751
1.52123
1.76616
0.384663
6.6558
5.90717
2.73419
1.82208
6.92867
1.74169
3.15351
3.1215
9.98858
3.51434
5.96684
1.94559
1.21065
0.382983
2.63553
1.69225
2.7687
1.02364
1.18538
4.34141
5.26646
0.989547
2.60921
1.55711
4.41913
0.0563619
3.40477
0.256182
0.445625
2.6786
2.19153
1.59768
4.36779
1.55737
1.40114
7.10461
3.29454
2.54379
3.45282
1.79011
5.15727
1.19986
1.86762
1.0519
2.3839
1.62068
3.81532
1.51429
0.734097
3.59385
3.93117
3.1763
3.61106
0.816506
1.5617
0.481533
2.85304
1.6734
3.66315
5.15361
7.13097
1.15156
4.63641
3.45394
2.93825
0.0465751
3.00404
0.893888
4.37627
1.40315
0.139972
4.61834
1.45642
0.768287
5.52013
5.91644
4.17943
5.67719
2.4415
4.89269
3.40565
1.56452
0.138488
4.39198
0.573274
0.337763
2.56257
4.75515
0.546054
7.75688
1.00109
6.55773
1.2737
2.32064
1.60561
2.46049
3.24535
2.08788
3.15203
2.28419
5.58849
2.18063
0.306864
4.00342
1.91961
2.37794
5.58671
7.5277
1.65378
0.808816
1.72272
4.09031
1.26724
5.10694
1.50692
2.23136
1.75122
7.09634
1.79828
1.32468
4.0625
1.39092
0.791199
2.00374
3.55042
0.436272
1.92235
1.15089
6.6999
0.353949
10.6226
3.63456
0.859381
1.23912
0.792661
1.95361
1.83409
5.09577
2.21599
1.75138
1.6922
7.6646
8.34352
0.144593
1.19074
2.50587
2.22339
1.02761
0.574686
8.90949
2.26902
0.967416
3.3076
4.57455
2.08006
5.58315
1.40047
2.58759
6.03165
1.74402
7.27741
3.99425
2.61488
2.4169
4.29058
1.66378
5.40779
3.09837
0.605018
0.165596
0.75912
0.334305
8.68062
6.15554
0.72894
2.71508
0.345299
1.98069
1.0932
2.97618
9.18574
0.109835
6.76362
3.97147
2.78294
6.46588
1.67659
2.47578
